+-----+-------+------+-------+
| qid | docno | rank | score |
+-----+-------+------+-------+
|  1  |  64   |  1   |  0.0  |
|  1  |  52   |  2   |  0.0  |
|  1  |  35   |  3   |  0.0  |
|  1  |  20   |  4   |  0.0  |
|  1  |  57   |  5   |  0.0  |
|  1  |  48   |  6   |  0.0  |
|  1  |  62   |  7   |  0.0  |
|  1  |  60   |  8   |  0.0  |
|  1  |  44   |  9   |  0.0  |
|  1  |  27   |  10  |  0.0  |
|  1  |  32   |  11  |  0.0  |
|  1  |  10   |  12  |  0.0  |
|  1  |  46   |  13  |  0.0  |
|  1  |  50   |  14  |  0.0  |
|  1  |  23   |  15  |  0.0  |
|  1  |  37   |  16  |  0.0  |
|  1  |  49   |  17  |  0.0  |
|  1  |  47   |  18  |  0.0  |
|  1  |  59   |  19  |  0.0  |
|  1  |  22   |  20  |  0.0  |
|  1  |   9   |  21  |  0.0  |
|  1  |   1   |  22  |  0.0  |
|  1  |  51   |  23  |  0.0  |
|  2  |  12   |  1   |  0.0  |
|  2  |  23   |  2   |  0.0  |
|  2  |   1   |  3   |  0.0  |
|  2  |  35   |  4   |  0.0  |
|  2  |  59   |  5   |  0.0  |
|  2  |  63   |  6   |  0.0  |
|  2  |  49   |  7   |  0.0  |
|  2  |  47   |  8   |  0.0  |
|  2  |  21   |  9   |  0.0  |
|  2  |  24   |  10  |  0.0  |
|  2  |  52   |  11  |  0.0  |
|  2  |  15   |  12  |  0.0  |
|  2  |  48   |  13  |  0.0  |
|  2  |  11   |  14  |  0.0  |
|  2  |  31   |  15  |  0.0  |
|  3  |  43   |  1   |  0.0  |
|  3  |  46   |  2   |  0.0  |
|  3  |   2   |  3   |  0.0  |
|  3  |  50   |  4   |  0.0  |
|  3  |  20   |  5   |  0.0  |
|  3  |  25   |  6   |  0.0  |
|  3  |   8   |  7   |  0.0  |
|  3  |  39   |  8   |  0.0  |
|  3  |  12   |  9   |  0.0  |
|  3  |  35   |  10  |  0.0  |
|  3  |  56   |  11  |  0.0  |
|  3  |   7   |  12  |  0.0  |
|  3  |  19   |  13  |  0.0  |
|  3  |  58   |  14  |  0.0  |
|  3  |  64   |  15  |  0.0  |
|  4  |  99   |  1   | 0.083 |
|  4  |  99   |  2   | 0.083 |
|  4  |  87   |  3   |  0.0  |
|  4  |  79   |  4   |  0.0  |
|  4  |  91   |  5   |  0.0  |
|  4  |  30   |  6   |  0.0  |
|  4  |  65   |  7   |  0.0  |
|  4  |  92   |  8   |  0.0  |
|  4  |  79   |  9   |  0.0  |
|  4  |  97   |  10  |  0.0  |
|  4  |  49   |  11  |  0.0  |
|  4  |  88   |  12  |  0.0  |
|  4  |  82   |  13  |  0.0  |
|  4  |  69   |  14  |  0.0  |
|  4  |  100  |  15  |  0.0  |
|  4  |  98   |  16  |  0.0  |
|  4  |  85   |  17  |  0.0  |
|  4  |  70   |  18  |  0.0  |
|  4  |  73   |  19  |  0.0  |
|  4  |  94   |  20  |  0.0  |
|  4  |  96   |  21  |  0.0  |
|  4  |  90   |  22  |  0.0  |
|  4  |  74   |  23  |  0.0  |
|  4  |  74   |  24  |  0.0  |
|  4  |  68   |  25  |  0.0  |
|  4  |  81   |  26  |  0.0  |
|  4  |  98   |  27  |  0.0  |
|  4  |  62   |  28  |  0.0  |
|  4  |  37   |  29  |  0.0  |
|  4  |  93   |  30  |  0.0  |
|  4  |  93   |  31  |  0.0  |
|  4  |  88   |  32  |  0.0  |
|  4  |  39   |  33  |  0.0  |
|  4  |  16   |  34  |  0.0  |
|  4  |  76   |  35  |  0.0  |
|  4  |  98   |  36  |  0.0  |
|  4  |  14   |  37  |  0.0  |
|  4  |  89   |  38  |  0.0  |
|  4  |  97   |  39  |  0.0  |
|  4  |  84   |  40  |  0.0  |
|  4  |  75   |  41  |  0.0  |
|  4  |  67   |  42  |  0.0  |
|  4  |  84   |  43  |  0.0  |
|  4  |  85   |  44  |  0.0  |
|  4  |  100  |  45  |  0.0  |
|  4  |  95   |  46  |  0.0  |
|  4  |  80   |  47  |  0.0  |
|  4  |  86   |  48  |  0.0  |
|  4  |  40   |  49  |  0.0  |
|  4  |  94   |  50  |  0.0  |
|  4  |  60   |  51  |  0.0  |
|  4  |  76   |  52  |  0.0  |
|  4  |  25   |  53  |  0.0  |
|  4  |  86   |  54  |  0.0  |
|  4  |  61   |  55  |  0.0  |
|  4  |  94   |  56  |  0.0  |
|  4  |  47   |  57  |  0.0  |
|  4  |  72   |  58  |  0.0  |
|  4  |  88   |  59  |  0.0  |
|  4  |  78   |  60  |  0.0  |
|  4  |  82   |  61  |  0.0  |
|  4  |  17   |  62  |  0.0  |
|  4  |  93   |  63  |  0.0  |
|  4  |  72   |  64  |  0.0  |
|  4  |  27   |  65  |  0.0  |
|  4  |  73   |  66  |  0.0  |
|  4  |  20   |  67  |  0.0  |
|  4  |  81   |  68  |  0.0  |
|  4  |  74   |  69  |  0.0  |
|  4  |  88   |  70  |  0.0  |
|  4  |  52   |  71  |  0.0  |
|  4  |   3   |  72  |  0.0  |
|  4  |  95   |  73  |  0.0  |
|  4  |  89   |  74  |  0.0  |
|  4  |  26   |  75  |  0.0  |
|  4  |  24   |  76  |  0.0  |
|  4  |  96   |  77  |  0.0  |
|  4  |  71   |  78  |  0.0  |
|  4  |  59   |  79  |  0.0  |
|  4  |  93   |  80  |  0.0  |
|  4  |  29   |  81  |  0.0  |
|  5  |  51   |  1   |  0.0  |
|  5  |  45   |  2   |  0.0  |
|  5  |  47   |  3   |  0.0  |
|  5  |  44   |  4   |  0.0  |
|  5  |   2   |  5   |  0.0  |
|  5  |  25   |  6   |  0.0  |
|  5  |  21   |  7   |  0.0  |
|  5  |  62   |  8   |  0.0  |
|  5  |  35   |  9   |  0.0  |
|  5  |   7   |  10  |  0.0  |
|  5  |  55   |  11  |  0.0  |
|  5  |   6   |  12  |  0.0  |
|  5  |   5   |  13  |  0.0  |
|  5  |  34   |  14  |  0.0  |
|  5  |  16   |  15  |  0.0  |
|  5  |  67   |  16  |  0.0  |
|  5  |  28   |  17  |  0.0  |
|  5  |  22   |  18  |  0.0  |
|  5  |  43   |  19  |  0.0  |
|  5  |  24   |  20  |  0.0  |
|  6  |  64   |  1   |  0.0  |
|  6  |  65   |  2   |  0.0  |
|  6  |   7   |  3   |  0.0  |
|  6  |  55   |  4   |  0.0  |
|  6  |  59   |  5   |  0.0  |
|  6  |  58   |  6   |  0.0  |
|  6  |   4   |  7   |  0.0  |
|  6  |  39   |  8   |  0.0  |
|  6  |  40   |  9   |  0.0  |
|  6  |  56   |  10  |  0.0  |
|  6  |  66   |  11  |  0.0  |
|  6  |  46   |  12  |  0.0  |
|  6  |  51   |  13  |  0.0  |
|  6  |  61   |  14  |  0.0  |
|  6  |  37   |  15  |  0.0  |
|  6  |   8   |  16  |  0.0  |
|  6  |  31   |  17  |  0.0  |
|  6  |  28   |  18  |  0.0  |
|  6  |  35   |  19  |  0.0  |
|  6  |  24   |  20  |  0.0  |
|  6  |  10   |  21  |  0.0  |
|  6  |   5   |  22  |  0.0  |
|  6  |  41   |  23  |  0.0  |
|  6  |  54   |  24  |  0.0  |
|  6  |  42   |  25  |  0.0  |
|  6  |  50   |  26  |  0.0  |
+-----+-------+------+-------+